19430008                                                    
19430016                                                    
19430024                                                    
19430032                                                    
19430040                                                    
19430057                                                    
19430065                                                    
19430073                                                    
19430081                                                    
19430099                                                    
19430107                                                    
19430115                                                    
19430123                                                    
19430131                                                    
19430149                                                    
19430156                                                    
19430164                                                    
19430172                                                    
19430206                                                    
19430214                                                    
19430222                                                    
19430230                                                    
19430248                                                    
19430255                                                    
19430263                                                    
19430271                                                    
19430289                                                    
19430297                                                    
19430305                                                    
19430313                                                    
19430321                                                    
19430339                                                    
19430347                                                    
19430354                                                    
19430362                                                    
19430370                                                    
19430388                                                    
19430396                                                    
19430404                                                    
19430412                                                    
19430420                                                    
19430438                                                    
19430446                                                    
19430453                                                    
19430461                                                    
19430479                                                    
19430487                                                    
19430495                                                    
19430503                                                    
19430511                                                    
19430529                                                    
19430537                                                    
19430552                                                    
19430560                                                    
19430578                                                    
19430586                                                    
19430594                                                    
19430602                                                    
19430610                                                    
19430628                                                    
19430636                                                    
19430644                                                    
19430651                                                    
19430669                                                    
19430677                                                    
19430685                                                    
19430693                                                    
19430701                                                    
19430719                                                    
19430727                                                    
19430735                                                    
19430743                                                    
19430750                                                    
19430768                                                    
19430776                                                    
19430784                                                    
19430792                                                    
19430800                                                    
19430818                                                    
19430826                                                    
19430834                                                    
19430842                                                    
19430859                                                    
19430867                                                    
19430875                                                    
19430883                                                    
19430891                                                    
19430909                                                    
19430917                                                    
19430925                                                    
19430933                                                    
19430941                                                    
19430958                                                    
19430966                                                    
19430974                                                    
19430982                                                    
19430990                                                    
19431006                                                    
19431014                                                    
19431022                                                    
19431030                                                    
19431048                                                    
19431055                                                    
19431063                                                    
19431071                                                    
19431089                                                    
19431097                                                    
19431105                                                    
19431113                                                    
19431121                                                    
19431139                                                    
19431147                                                    
19431154                                                    
19431162                                                    
19431170                                                    
19431188                                                    
19431196                                                    
19431204                                                    
19431212                                                    
19431220                                                    
19431238                                                    
19431246                                                    
19431253                                                    
19431261                                                    
19431279                                                    
19431287                                                    
19431295                                                    
19431303                                                    
19431311                                                    
19431329                                                    
19431337                                                    
19431345                                                    
19431352                                                    
19431360                                                    
19431378                                                    
19431386                                                    
19431394                                                    
19431402                                                    
19431410                                                    
19431428                                                    
19431436                                                    
19431444                                                    
19431451                                                    
19431469                                                    
19431477                                                    
19431485                                                    
19431493                                                    
19431501                                                    
19431519                                                    
19431527                                                    
19431535                                                    
19431543                                                    
19431550                                                    
19431568                                                    
19431576                                                    
19431584                                                    
19431592                                                    
19431600                                                    
19431618                                                    
19431626                                                    
19431634                                                    
19431642                                                    
19431659                                                    
19431667                                                    
19431675                                                    
19431683                                                    
19431691                                                    
19431709                                                    
19431717                                                    
19431725                                                    
19431733                                                    
19431766                                                    
19431774                                                    
19431782                                                    
19431790                                                    
19431808                                                    
19431816                                                    
19431832                                                    
19431840                                                    
19431857                                                    
19431865                                                    
19431873                                                    
19431881                                                    
19431899                                                    
19431907                                                    
19431915                                                    
19431923                                                    
19431931                                                    
19431949                                                    
19431964                                                    
19431972                                                    
19431980                                                    
19431998                                                    
19432004                                                    
19432012                                                    
19432020                                                    
19432038                                                    
19432046                                                    
19432053                                                    
19432061                                                    
19432079                                                    
19432087                                                    
19432095                                                    
19432103                                                    
19432111                                                    
19432129                                                    
19432137                                                    
19432145                                                    
19432152                                                    
19432160                                                    
19432178                                                    
19432186                                                    
19432194                                                    
19432202                                                    
19432210                                                    
19432228                                                    
19432251                                                    
19432269                                                    
19432277                                                    
19432285                                                    
19432293                                                    
19432301                                                    
19432319                                                    
19432327                                                    
19432335                                                    
19432343                                                    
19432350                                                    
19432368                                                    
19432376                                                    
19432384                                                    
19432392                                                    
19432400                                                    
19432418                                                    
19432426                                                    
19432434                                                    
19432442                                                    
19432459                                                    
19432467                                                    
19432475                                                    
19432483                                                    
19432491                                                    
19432509                                                    
19432517                                                    
19432525                                                    
19432533                                                    
19432541                                                    
19432558                                                    
19432566                                                    
19432574                                                    
19432582                                                    
19432590                                                    
19432608                                                    
19432616                                                    
19432624                                                    
19432632                                                    
19432640                                                    
19432657                                                    
19432665                                                    
19432673                                                    
19432681                                                    
19432699                                                    
19432707                                                    
19432715                                                    
19432723                                                    
19432731                                                    
19432749                                                    
19432756                                                    
19432764                                                    
19432772                                                    
19432780                                                    
19432798                                                    
19432806                                                    
19432822                                                    
19432830                                                    
19432848                                                    
19432855                                                    
19432863                                                    
19432889                                                    
19432897                                                    
19432905                                                    
19432913                                                    
19432921                                                    
19432939                                                    
19432947                                                    
19432954                                                    
19432970                                                    
19432988                                                    
19432996                                                    
19433002                                                    
19433010                                                    
19433028                                                    
19433036                                                    
19433044                                                    
19433051                                                    
19433069                                                    
19433077                                                    
19433085                                                    
19433093                                                    
19433101                                                    
19433119                                                    
19433127                                                    
19433135                                                    
19433143                                                    
19433150                                                    
19433168                                                    
19433176                                                    
19433184                                                    
19433192                                                    
19433200                                                    
19433218                                                    
19433226                                                    
19433234                                                    
19433242                                                    
19433259                                                    
19433267                                                    
19433275                                                    
19433283                                                    
19433291                                                    
19433309                                                    
19433325                                                    
19433333                                                    
19433341                                                    
19433358                                                    
19433366                                                    
19433374                                                    
19433382                                                    
19433390                                                    
19433408                                                    
19433416                                                    
19433424                                                    
19433432                                                    
19433440                                                    
19433457                                                    
19433473                                                    
19433481                                                    
19433499                                                    
19433507                                                    
19433515                                                    
19433523                                                    
19433531                                                    
19433549                                                    
19433556                                                    
19433564                                                    
19433572                                                    
19433580                                                    
19433598                                                    
19433606                                                    
19433614                                                    
19433622                                                    
19433630                                                    
19433648                                                    
19433655                                                    
19433663                                                    
19433671                                                    
19433689                                                    
19433705                                                    
19433713                                                    
19433721                                                    
19433739                                                    
19433747                                                    
19433754                                                    
19433762                                                    
19433770                                                    
19433788                                                    
19433796                                                    
19433804                                                    
19433812                                                    
19433820                                                    
19433838                                                    
19433846                                                    
19433853                                                    
19433861                                                    
19433879                                                    
19433887                                                    
19433895                                                    
19433903                                                    
19433911                                                    
19433929                                                    
19433937                                                    
19433945                                                    
19433960                                                    
19433978                                                    
19433986                                                    
19433994                                                    
19434000                                                    
19434018                                                    
19434026                                                    
19434034                                                    
19434042                                                    
19434059                                                    
19434067                                                    
19434075                                                    
19434083                                                    
19434091                                                    
19434109                                                    
19434117                                                    
19434125                                                    
19434133                                                    
19434141                                                    
19434158                                                    
19434166                                                    
19434174                                                    
19434190                                                    
19434208                                                    
19434216                                                    
19434224                                                    
19434232                                                    
19434240                                                    
19434257                                                    
19434265                                                    
19434273                                                    
19434281                                                    
19434299                                                    
19434307                                                    
19434315                                                    
19434323                                                    
19434331                                                    
19434349                                                    
19434356                                                    
19434364                                                    
19434372                                                    
19434380                                                    
19434398                                                    
19434406                                                    
19434422                                                    
19434430                                                    
19434448                                                    
19434455                                                    
19434463                                                    
19434471                                                    
19434489                                                    
19434497                                                    
19434505                                                    
19434513                                                    
19434521                                                    
19434539                                                    
19434547                                                    
19434554                                                    
19434562                                                    
19434570                                                    
19434588                                                    
19434596                                                    
19434604                                                    
19434612                                                    
19434620                                                    
19434638                                                    
19434646                                                    
19434653                                                    
19434661                                                    
19434679                                                    
19434687                                                    
19434695                                                    
19434703                                                    
19434711                                                    
19434729                                                    
19434737                                                    
19434745                                                    
19434752                                                    
19434760                                                    
19434778                                                    
19434786                                                    
19434794                                                    
19434802                                                    
19434810                                                    
19434828                                                    
19434836                                                    
19434844                                                    
19434851                                                    
19434869                                                    
19434877                                                    
19434885                                                    
19434893                                                    
19434901                                                    
19434919                                                    
19434935                                                    
19434943                                                    
19434950                                                    
19434968                                                    
19434976                                                    
19434984                                                    
19434992                                                    
19435007                                                    
19435015                                                    
19435023                                                    
19435031                                                    
19435049                                                    
19435056                                                    
19435064                                                    
19435072                                                    
19435080                                                    
19435098                                                    
19435106                                                    
19435114                                                    
19435122                                                    
19435130                                                    
19435148                                                    
19435155                                                    
19435163                                                    
19435171                                                    
19435189                                                    
19435197                                                    
19435205                                                    
19435213                                                    
19435221                                                    
19435239                                                    
19435247                                                    
19435254                                                    
19435262                                                    
19435270                                                    
19435288                                                    
19435296                                                    
19435304                                                    
19435312                                                    
19435320                                                    
19435338                                                    
19435346                                                    
19435353                                                    
19435361                                                    
19435379                                                    
19435387                                                    
19435395                                                    
19435403                                                    
19435411                                                    
19435429                                                    
19435437                                                    
19435445                                                    
19435452                                                    
19435460                                                    
19435478                                                    
19435486                                                    
19435494                                                    
19435502                                                    
19435510                                                    
19435528                                                    
19435536                                                    
19435544                                                    
19435551                                                    
19435569                                                    
19435577                                                    
19435585                                                    
19435593                                                    
19435601                                                    
19435619                                                    
19435627                                                    
19435635                                                    
19435643                                                    
19435650                                                    
19435668                                                    
19435676                                                    
19435684                                                    
19435692                                                    
19435700                                                    
19435718                                                    
19435726                                                    
19435734                                                    
19435742                                                    
19435759                                                    
19435767                                                    
19435775                                                    
19435783                                                    
19435791                                                    
19435809                                                    
19435817                                                    
19435825                                                    
19435833                                                    
19435841                                                    
19435858                                                    
19435866                                                    
19435874                                                    
19435882                                                    
19435890                                                    
19435908                                                    
19435916                                                    
19435924                                                    
19435932                                                    
19435940                                                    
19435957                                                    
19435965                                                    
19435973                                                    
19435981                                                    
19435999                                                    
19436005                                                    
19436013                                                    
19436021                                                    
19436039                                                    
19436047                                                    
19436054                                                    
19436062                                                    
19436070                                                    
19436088                                                    
19436096                                                    
19436104                                                    
19436112                                                    
19436120                                                    
19436138                                                    
19436146                                                    
19436153                                                    
19436161                                                    
19436179                                                    
19436187                                                    
19436195                                                    
19436203                                                    
19436211                                                    
19436229                                                    
19436237                                                    
19436245                                                    
19436252                                                    
19436260                                                    
19436278                                                    
19436286                                                    
19436294                                                    
19436302                                                    
19436310                                                    
19436328                                                    
19436336                                                    
19436344                                                    
19436351                                                    
19436369                                                    
19436377                                                    
19436385                                                    
19436393                                                    
19436401                                                    
19436419                                                    
19436427                                                    
19436435                                                    
19436443                                                    
19436450                                                    
19436476                                                    
19436484                                                    
19436492                                                    
19436500                                                    
19436518                                                    
19436526                                                    
19436534                                                    
19436542                                                    
19436559                                                    
19436567                                                    
19436575                                                    
19436583                                                    
19436591                                                    
19436609                                                    
19436617                                                    
19436625                                                    
19436633                                                    
19436641                                                    
19436658                                                    
19436666                                                    
19436674                                                    
19436682                                                    
19436690                                                    
19436708                                                    
19436716                                                    
19436724                                                    
19436732                                                    
19436740                                                    
19436757                                                    
19436765                                                    
19436773                                                    
19436781                                                    
19436799                                                    
19436807                                                    
19436815                                                    
19436823                                                    
19436831                                                    
19436849                                                    
19436856                                                    
19436864                                                    
19436872                                                    
19436880                                                    
19436898                                                    
19436906                                                    
19436914                                                    
19436922                                                    
19436930                                                    
19436948                                                    
19436955                                                    
19436963                                                    
19436971                                                    
19436989                                                    
19437003                                                    
19437011                                                    
19437029                                                    
19437037                                                    
19437045                                                    
19437052                                                    
19437060                                                    
19437078
19437086
19437094
19437102
19437110
19437128
19437136
19437144
19437151
19437169
19437177
19437185
19437193
19437201
19437219
19437227
19437235
19437243
19437250
19437268
19437276
19437284
19437292
19437300
19437318
19437334
19437342
19437359
19437367
19437375
19437383
19437391
19437409
19437417
19437425

42739003                                                             
42739037                                                             
42739045                                                             
42739052                                                             
42739060                                                             
42739078                                                             
42739086                                                             
42739094                                                             
42739102                                                             
42739110                                                             
42739128                                                             
42739144                                                             
42739169                                                             
42739177                                                             
42739201                                                             
42739219                                                             
42739227                                                             
42739243                                                             
42739250                                                             
42739268                                                             
42739276                                                             
42739284                                                             
42739318                                                             
42739326                                                             
42739334                                                             
42739342                                                             
42739359                                                             
42739375                                                             
42739383                                                             
42739409                                                             
42739458                                                             
42739474                                                             
42739482                                                             
42739490                                                             
42739508                                                             
42739516                                                             
42739524                                                             
42739532                                                             
42739540                                                             
42739557                                                             
42739573                                                             
42739581                                                             
42739599                                                             
42739607                                                             
42739615                                                             
42739623                                                             
42739631                                                             
42739649                                                             
42739656                                                             
42739664                                                             
42739672                                                             
42739680                                                             
42739698                                                             
42739706                                                             
42739722                                                             
42739730                                                             
42739748                                                             
42739755                                                             
42739763                                                             
42739771                                                             
42739789                                                             
42739797                                                             
42739813                                                             
42739821                                                             
42739839                                                             
42739847                                                             
42739854                                                             
42739862                                                             
42739896                                                             
42739912                                                             
42739920                                                             
42739938                                                             
42739961                                                             
42739995                                                             
42740001                                                             
42740019                                                             
42740027                                                             
42740035                                                             
42740043                                                             
42740050                                                             
42740076                                                             
42740084                                                             
42740092                                                             
42740100                                                             
42740118                                                             
42740167                                                             
42740175                                                             
42740183                                                             
42740209                                                             
42740217                                                             
42740225                                                             
42740241                                                             
42740266                                                             
42740274                                                             
42740290                                                             
42740316                                                             
42740332                                                             
42740357                                                             
42740365                                                             
42740381                                                             
42740399                                                             
42740407                                                             
42740415                                                             
42740423                                                             
42740456                                                             
42740480                                                             
42740514                                                             
42740555                                                             
42740563                                                             
42740571                                                             
42740589                                                             
42740597                                                             
42740621                                                             
42740647                                                             
42740654                                                             
42740670                                                             
42740688                                                             
42740696                                                             
42740704                                                             
42740712                                                             
42740720                                                             
42740738                                                             
42740746                                                             
42740753                                                             
42740761
42740779
42740787
42740795
42740803
42740811
42740829
42740845
42740852
42740860
42740878
42740894
42740902
42740910
42740928
42740936
42740944
42740969
42740977
42740985

